0
1
2
3
4
5
6
7
8
9
10
11
12
13
14
15
16
17
18
19
20
21
22
23
24
25
26
27
28
29
30
31
32
33
34
35
36
37
38
39
40
41
42
43
44
45
46
47
48
49
50
51
52
53
54
55
56
57
58
59
60
61
62
63
64
65
66
67
68
69
70
71
72
73
74
0 1 10
1 2 10
2 3 10
3 4 10
4 5 10
5 6 10
6 7 10
7 8 10
8 9 10
9 10 10
10 11 10
11 12 10
12 13 10
13 14 10
14 15 10
15 16 10
16 17 10
17 18 10
18 19 10
19 20 10
20 21 10
21 22 10
22 23 10
23 24 10
24 25 10
25 26 10
26 27 10
27 28 10
28 29 10
29 30 10
30 31 10
31 32 10
32 33 10
33 34 10
34 35 10
35 36 10
36 37 10
37 38 10
38 39 10
39 40 10
40 41 10
41 42 10
42 43 10
43 44 10
44 45 10
45 46 10
46 47 10
47 48 10
48 49 10
49 50 10
50 51 10
51 52 10
52 53 10
53 54 10
54 55 10
55 56 10
56 57 10
57 58 10
58 59 10
59 60 10
60 61 10
61 62 10
62 63 10
63 64 10
64 65 10
65 66 10
66 67 10
67 68 10
68 69 10
69 70 10
70 71 10
71 72 10
72 73 10
73 0 10
0 74 0.1
1 74 0.1
2 74 0.1
3 74 0.1
4 74 0.1
5 74 0.1
6 74 0.1
7 74 0.1
8 74 0.1
9 74 0.1
10 74 0.1
11 74 0.1
12 74 0.1
13 74 0.1
14 74 0.1
15 74 0.1
16 74 0.1
17 74 0.1
18 74 0.1
19 74 0.1
20 74 0.1
21 74 0.1
22 74 0.1
23 74 0.1
24 74 0.1
25 74 0.1
26 74 0.1
27 74 0.1
28 74 0.1
29 74 0.1
30 74 0.1
31 74 0.1
32 74 0.1
33 74 0.1
34 74 0.1
35 74 0.1
36 74 0.1
37 74 0.1
38 74 0.1
39 74 0.1
40 74 0.1
41 74 0.1
42 74 0.1
43 74 0.1
44 74 0.1
45 74 0.1
46 74 0.1
47 74 0.1
48 74 0.1
49 74 0.1
50 74 0.1
51 74 0.1
52 74 0.1
53 74 0.1
54 74 0.1
55 74 0.1
56 74 0.1
57 74 0.1
58 74 0.1
59 74 0.1
60 74 0.1
61 74 0.1
62 74 0.1
63 74 0.1
64 74 0.1
65 74 0.1
66 74 0.1
67 74 0.1
68 74 0.1
69 74 0.1
70 74 0.1
71 74 0.1
72 74 0.1
73 74 0.1
